Ticker,Timeframe,Risk,Reward,Win Rate (%),Cumulative Returns,Sortino Ratio,Average Profit per Winning Trade (%),Average Loss per Losing Trade (%),Average Return (%),Trade Frequency (Trades per Day),Downside Deviation,Volatility (Standard Deviation of Algo Returns),Gross Profit (%),Gross Loss (%),Total Number of Winning Trades,Total Number of Trades,Risk:Reward Ratio,Profit Factor
ETH/USD,1,1,1,48.324607329842934,0.947417053233357,-0.1275845018565334,0.08312405507912442,-0.0827631493523298,-0.0025988092003757486,22.470588235294116,0.15696254482791838,0.0021614786752213472,76.72350283803185,-81.68722841074951,923,1910,1.0,0.9392349860646702
ETH/USD,1,2,1,67.5153643546971,0.9784409669720529,-0.18577855679384084,0.0811549721653885,-0.17426194464783348,-0.0018162826378530534,17.796875,0.1077528169658071,0.0013939902003282775,62.408173595183754,-64.47691951969838,769,1139,0.5,0.9679149385559184
ETH/USD,1,3,1,76.59831121833534,1.046511242551604,-0.1353743768378119,0.08593298108451297,-0.257239243195529,0.005624885173381325,13.158730158730158,0.14732293964433324,0.0016772080551719366,54.56744298866574,-49.904413179932625,635,829,0.3333333333333333,1.0934392273468951
ETH/USD,1,4,1,80.69093152375078,0.9293191419110545,-0.03854490816827241,0.08296712726534068,-0.3674826909284815,-0.004010536580844593,19.070588235294117,0.5199157636676929,0.0031667039525262704,108.52100246306561,-115.02208226061472,1308,1621,0.25,0.943479724329637
ETH/USD,1,5,1,84.33734939759037,0.9201299286746908,-0.027742395312345233,0.0813854413876172,-0.46920025578039215,-0.004850872626649342,17.576470588235296,0.7226668245674159,0.0037343443296450557,102.54565614839768,-109.79285985261178,1260,1494,0.2,0.9339920308666438
ETH/USD,1,6,1,89.28,1.1523758930570411,-0.08450885933826036,0.0804666095710449,-0.45678383152099905,0.02287336228597779,9.765625,0.23395495492374987,0.0018874844050291233,44.90036814064305,-30.60451671190694,558,625,0.16666666666666666,1.4671157386116864
ETH/USD,1,7,1,90.2229845626072,1.114497597565513,-0.050054237242001164,0.08387082292528618,-0.5808274772842728,0.01888316750171008,9.109375,0.39579403096685467,0.002389444771402466,44.11605285870053,-33.10716620520355,526,583,0.14285714285714285,1.3325227712109857
ETH/USD,1,8,1,89.65827338129496,0.944077978707076,-0.024146509046081798,0.0841382869161036,-0.7715464607454885,-0.004354290405014283,13.08235294117647,0.830080359268437,0.004023170794958997,83.88587205535529,-88.72784298573117,997,1112,0.125,0.9454289570506684
ETH/USD,1,9,1,93.19286871961103,1.1639343708183814,-0.04524596243958077,0.08009644842255703,-0.7309003381368959,0.024890832481719076,12.098039215686274,0.43652716419851706,0.002374075930897754,46.0554578429703,-30.69781420174963,575,617,0.1111111111111111,1.500284598124428
ETH/USD,1,10,1,93.50180505415162,1.1620307370427743,-0.05930078010990447,0.08123896073848985,-0.7477914335822912,0.027366949555189996,8.65625,0.3326487521393229,0.002261821775011968,42.08178166253774,-26.920491608962482,518,554,0.1,1.5631877111979524
ETH/USD,1,1,2,30.582524271844658,0.9284836233230711,-0.37167303689712555,0.1632523875827231,-0.0821642422230191,-0.007109641845534839,16.09375,0.05400202442990445,0.0013745921269554158,51.42450208855778,-58.747433189458654,315,1030,2.0,0.8753489181853333
ETH/USD,1,2,2,47.680890538033395,0.93413623249602,-0.17436541936244976,0.17480665678906712,-0.18304194629719844,-0.012416545567754582,8.555555555555555,0.11541374160805283,0.002115027320008454,44.92531079479025,-51.61782885580997,257,539,1.0,0.8703448360891989
ETH/USD,1,3,2,58.96825396825397,0.7361846041202799,-0.02864321949841874,0.16009874466245697,-0.28562662136362216,-0.02279015552443423,14.823529411764707,0.7062020928325125,0.005353904384821437,118.95336728420554,-147.66896324499265,743,1260,0.6666666666666666,0.8055407491881281
ETH/USD,1,4,2,66.46646646646647,0.9806795738599594,-0.03350859732572871,0.18939149634938823,-0.3749651185617273,0.0001427816394546143,11.75294117647059,0.5968191383603535,0.0065782762495648975,125.75595357599379,-125.61331471817864,664,999,0.5,1.0011355393187034
ETH/USD,1,5,2,72.5382932166302,1.004973990345357,-0.023478508815521913,0.19061923914438494,-0.4915614491528909,0.003280778791413125,10.75294117647059,0.8504455018406163,0.007458428052661664,126.38055555272723,-123.38192373737562,663,914,0.4,1.0243036558721061
ETH/USD,1,6,2,75.64979480164159,0.9308214479552218,-0.01685629767197106,0.19935375169834527,-0.6430840728103533,-0.005781587238109387,8.6,1.1899300939454558,0.008968812195942248,110.24262468918494,-114.46896496024289,553,731,0.3333333333333333,0.963078723804956
ETH/USD,1,7,2,80.09188361408881,0.9702914414426946,-0.013137707823776,0.2070347865665363,-0.8306856543436386,0.00044419342974804575,7.682352941176471,1.5219974697196041,0.00999631783793773,108.27919337429847,-107.98913506467302,523,653,0.2857142857142857,1.0026859953036178
ETH/USD,1,8,2,82.83018867924528,0.983805719989307,-0.015592730605929918,0.18706324706863,-0.9022031421410392,3.826326093208528e-05,6.235294117647059,1.2826244403776734,0.007817639388627297,82.12076546312856,-82.10048593483457,439,530,0.25,1.000247008626844
ETH/USD,1,9,2,83.59240069084629,1.0190637618613059,-0.023843859492491508,0.18489814583804454,-0.9091984078206248,0.005383167258470143,6.811764705882353,0.8365327070349664,0.00654257304066315,89.49070258561356,-86.37384874295935,484,579,0.2222222222222222,1.036085619525068
ETH/USD,1,10,2,84.09542743538768,0.964708022600998,-0.020627348427341586,0.1851806528892296,-1.0081091663119883,-0.004606992311759335,5.91764705882353,0.9718200084576305,0.007140878567963056,78.33141617214413,-80.64873330495908,423,503,0.2,0.9712665402436959
ETH/USD,1,1,3,23.356009070294785,0.956354249597308,-0.2774470832657808,0.27051966236712227,-0.0953736514896892,-0.009915575917690116,6.7846153846153845,0.07244320438547515,0.002023736358024963,27.863525223813596,-32.236294203514944,103,441,3.0,0.8643526159646304
ETH/USD,1,2,3,39.02439024390244,0.9664676486307917,-0.23227279004585827,0.2317344369500488,-0.1564535186755664,-0.004965535992399478,10.412698412698413,0.08631943223295994,0.0021642621595978156,59.324015859212494,-62.58140747022656,256,656,1.5,0.9479495309758927
ETH/USD,1,3,3,50.513347022587276,0.804001800637712,-0.027660454661866524,0.23597299614620135,-0.2824000335541726,-0.020552466190123343,11.458823529411765,0.7304841843311106,0.00588490044677243,116.09871410393107,-136.1168161731112,492,974,1.0,0.8529343939126417
ETH/USD,1,4,3,57.49999999999999,1.1148378955234697,-0.03394330339496263,0.2986705684858792,-0.3630589231561932,0.017435534537998384,9.411764705882353,0.5840811786622468,0.009133613503657793,137.38846150350443,-123.44003387310569,460,800,0.75,1.1129976004764994
ETH/USD,1,5,3,61.36363636363637,0.9910221307390671,-0.024744186518617647,0.3059569856521974,-0.4764211393531007,0.003674528263786783,8.282352941176471,0.8067856545755376,0.010282901815842559,132.17341780174928,-129.58654990404338,432,704,0.6,1.0199624721826566
ETH/USD,1,6,3,67.46626686656671,1.0140098740490977,-0.018656737307465435,0.30230075470266143,-0.6021963258035551,0.008034088331073698,7.847058823529411,1.0676925331804117,0.011167001688487763,136.03533961619766,-130.67660269937147,450,667,0.5,1.041007623446978
ETH/USD,1,7,3,69.76744186046511,0.9751705825130134,-0.015119889918893552,0.31863366875199073,-0.7249499273971134,0.003131651311563955,6.576470588235294,1.320689740070914,0.012571097310656114,124.26713081327638,-122.51653773011215,390,559,0.42857142857142855,1.0142886267894753
ETH/USD,1,8,3,73.26315789473684,1.0517418753737005,-0.01722069165309808,0.3292700170046835,-0.8346425286377444,0.018076557432918573,5.588235294117647,1.1508965391703792,0.012599582523252092,114.58596591762986,-105.99960113699353,348,475,0.375,1.0810037461323967
ETH/USD,1,9,3,74.8898678414097,1.0643244324739547,-0.022648217973639938,0.3374310625776455,-0.9240396395076712,0.02067410214212541,5.341176470588235,0.8739433275331395,0.012281630714290101,114.72656127639947,-105.34051890387452,340,454,0.3333333333333333,1.0891019189025442
ETH/USD,1,10,3,75.41766109785203,1.0174954345467864,-0.020130216452874633,0.350109353761122,-1.0254843316442346,0.011956252098230051,4.929411764705883,0.9875918386450702,0.013003925616137094,110.63455578851456,-105.62488615935617,316,419,0.3,1.0474288760093935
ETH/USD,1,1,4,18.203883495145632,0.7667516244669377,-0.10893510425884877,0.2846846139807007,-0.08927259231329661,-0.021197858157835935,14.541176470588235,0.1855414626817741,0.0023890075011226844,64.05403814565767,-90.25459082874288,225,1236,4.0,0.7097039337001652
ETH/USD,1,2,4,32.437275985663085,0.9674259353459862,-0.23370111402021165,0.3092983026603156,-0.15684403378420111,-0.0056401576256750775,10.941176470588236,0.08582073585888929,0.0024306949135103127,55.982992781517126,-59.130200736643815,181,558,2.0,0.9467749489107294
ETH/USD,1,3,4,43.23094425483504,0.7963505575959078,-0.02814615805239794,0.32193551565547807,-0.2869600836630442,-0.023728766551510103,10.341176470588236,0.7190071066836408,0.0064070499539555575,122.33549594908166,-143.19308174785905,380,879,1.3333333333333333,0.8543394307589218
ETH/USD,1,4,4,50.29940119760479,1.1197005676853802,-0.03328928355276767,0.42260993988422324,-0.3797766703896706,0.02381898986785684,7.858823529411764,0.5936387927963813,0.012512240340261917,141.99693980109902,-126.08585456937065,336,668,1.0,1.1261924685054525
ETH/USD,1,5,4,54.560810810810814,1.0351138378893188,-0.024408960513483197,0.4352280813585779,-0.4910783925138557,0.014321930223975434,6.964705882352941,0.8135037412507433,0.013786566765098665,140.57867027882065,-132.10008758622718,323,592,0.8,1.0641830209768721
ETH/USD,1,6,4,59.552845528455286,0.9873749248960043,-0.017862928907301807,0.4469098911680419,-0.6369009988414146,0.00853922630649344,5.788235294117647,1.1148567986963547,0.01565746059119995,130.94459811223626,-126.74329876944151,293,492,0.6666666666666666,1.0331480984287567
ETH/USD,1,7,4,63.6986301369863,1.0147886794293983,-0.014601951975772,0.4634096048628627,-0.7675693975246928,0.01654736427011999,5.152941176470589,1.358347595596044,0.016959789748329387,129.29127975673867,-122.04353420642616,279,438,0.5714285714285714,1.0593865590458367
ETH/USD,1,8,4,66.21253405994551,1.0654749252768356,-0.016952648293815462,0.481993375264975,-0.8528749526859855,0.0309751936139692,4.317647058823529,1.1614850802422154,0.01750437132576832,117.12439018938892,-105.7564941330622,243,367,0.5,1.1074912339853447
ETH/USD,1,9,4,68.83852691218131,1.0880783504512002,-0.022312861159558373,0.4902596874842389,-0.9640147649663021,0.03708634536084081,4.152941176470589,0.8797229725952412,0.01731194175821236,119.13310405867006,-106.04162414629323,243,353,0.4444444444444444,1.1234560486768483
ETH/USD,1,10,4,70.3125,1.0357474767438077,-0.019334055718451804,0.4918709126175875,-1.0781618445056258,0.02576743784663361,3.764705882352941,1.0211166197629304,0.018319522375730767,110.67095533895719,-102.42537522803445,225,320,0.4,1.0805032941550392
ETH/USD,1,1,5,14.739884393063585,0.9002782625685019,-0.34991954563590794,0.378454789585158,-0.08302859141120378,-0.015006474559138889,10.646153846153846,0.05758485056607149,0.001865300056627372,38.60238853768612,-48.98686893261023,102,692,5.0,0.788015020735256
ETH/USD,1,2,5,26.75438596491228,0.9637537045056576,-0.2297682306689709,0.40889343618020063,-0.15986240227611212,-0.007695270057537197,8.941176470588236,0.087379150033585,0.002837884299165949,49.88499921398448,-53.39404236022145,122,456,2.5,0.9342802494225235
ETH/USD,1,3,5,37.598944591029024,0.788823767242415,-0.027533343420137066,0.4127078986047415,-0.2946165882865536,-0.028670046381515178,8.91764705882353,0.7368048316637805,0.007044302405085694,117.62175110235134,-139.35364625953986,285,758,1.6666666666666667,0.8440521956869801
ETH/USD,1,4,5,45.78754578754579,0.9437716051690855,-0.0321889187472619,0.4381579516287913,-0.38553758672914973,-0.008387614953535755,6.423529411764706,0.6239375825956801,0.006584185086359229,109.53948790719781,-114.11912567182831,250,546,1.25,0.9598696735742601
ETH/USD,1,5,5,51.75257731958764,0.8925394121706114,-0.02333224894481973,0.44155632456121713,-0.5152020602348746,-0.020054937381639534,5.705882352941177,0.8657780662974351,0.008097361777871504,110.8306374648655,-120.55728209496066,251,485,1.0,0.9193193106125795
ETH/USD,1,6,5,56.39810426540285,0.8649987034935621,-0.017726345091480685,0.4402219834308095,-0.6370584468314873,-0.029492706541376826,4.964705882352941,1.14490195021463,0.009646331286419304,104.77283205653265,-117.21875421699366,238,422,0.8333333333333334,0.8938231152207837
ETH/USD,1,7,5,60.3988603988604,0.896885458422426,-0.014023342305493444,0.48183163341322327,-0.7960021833971884,-0.024205120252438293,4.129411764705883,1.4434541182521694,0.011332676007858391,102.14830628360335,-110.64430349220919,212,351,0.7142857142857143,0.9232134240945891
ETH/USD,1,8,5,61.97183098591549,0.8994783303562578,-0.016511908224730684,0.5001208430947838,-0.8980481014412256,-0.03157720623581138,3.3411764705882354,1.2303709411326669,0.010511814745688543,88.02126838468195,-96.98919495565237,176,284,0.625,0.9075368490781789
ETH/USD,1,9,5,64.46886446886447,0.8800991359538595,-0.021884184684394185,0.5053691400678152,-1.035404089438003,-0.042085084335351054,3.211764705882353,0.9331328143065712,0.009634963042804237,88.94496865193547,-100.4341966754863,176,273,0.5555555555555556,0.8856044215629686
ETH/USD,1,10,5,65.40084388185655,0.8430858011132609,-0.01874871339734443,0.5092307263547127,-1.1541352001198941,-0.06627984736223982,2.788235294117647,1.102091542801496,0.010618808438519492,78.93076258498046,-94.63908640983132,155,237,0.5,0.8340186447190909
ETH/USD,1,1,6,14.109165808444901,0.8791983167549073,-0.09974777202657083,0.44644003906104357,-0.08824686976632384,-0.012807007243821963,11.423529411764706,0.20178967072143228,0.003000362576613801,61.16228535136297,-73.59788938511409,137,971,6.0,0.8310331432375784
ETH/USD,1,2,6,22.45508982035928,0.970669057957427,-0.2136087100401768,0.5383805289670726,-0.16661025057426693,-0.008303937803008012,6.549019607843137,0.09401788613513344,0.0035042031116623,40.378539672530444,-43.15205489873513,75,334,3.0,0.9357269258042684
ETH/USD,1,3,6,33.33333333333333,0.7583592817495385,-0.026421375206688923,0.49543120957001596,-0.3077373753663427,-0.040014513720889835,7.552941176470588,0.7721076203499176,0.007611814596847692,106.02227884798342,-131.71159665679468,214,642,2.0,0.8049578134281464
ETH/USD,1,4,6,41.280353200883,0.8716980399944865,-0.030526231897253283,0.5280181721701516,-0.41810497305412697,-0.027541996990241593,5.329411764705882,0.6641966174582712,0.007370225289055259,98.73939819581834,-111.21592283239778,187,453,1.5,0.8878171010154585
